55 0302206
60 0547559
60 1521180
60 2242823
65 0727815


40 0372805
60 1152839
60 1930876
65 0178484
65 0863259
60 2080160

50 0118965
60 0267630
60 1375448
60 2086130
65 0368816

30 0409995
60 0374970
60 1080126
60 1846513
65 0723682

50 0176196
60 0538470
60 1445328
60 2108841
65 0348316
60 1474046

60 0981543
60 1718434
60 2292658
65 0489048
65 0505828
50 0443711
40 0739841
60 0618566
60 1445207
60 2056217
65 0180148

60 0105379
60 0176795
60 0202315
60 0222269
60 0267895
60 0303436
60 0310542
60 0389937
60 0399441
60 0479449
60 0487375
60 0547843
60 0616652
60 0719512
60 0815094
60 1076270
60 1272426
60 1350193
60 1423278
60 1483725
60 1552328
60 1762055
60 1771166
60 1778674
60 1819894
60 2272019
08 5054105
12 5001678
12 5062214
18 5051034
25 5058818
25 5066809
25 5092991
50 0020988
50 0118346
50 0147315
50 0177916
50 0195564
65 0066203
65 0411412
65 0419511
01 0070429
01 0074741
01 0084157
01 0095822
01 0110731
01 0140578
01 0141597
02 0032870
02 0044240
02 0056617
02 0061651
02 0101645
02 0109772
02 0146647
03 0025690
03 0077839
03 0132959
03 0139470
04 0035909
04 0043218
04 0050203
04 0066282
04 0089487
04 0092993
04 0104685
04 0114830
04 0117346
04 0130698
04 0135180
04 0160002
04 0195115
04 0205849
04 0210712
05 0009023
05 0017323
05 0041845
05 0054225
05 0065467
05 0066931
05 0072181
05 0082452
05 0108582
05 0108740
05 0110273
05 0111318
05 0114297
06 0020308
06 0043561
06 0045691
06 0049396
06 0056063
06 0058668
06 0074352
06 0074353
06 0090688
06 0094194
06 0095175
06 0096078
06 0133229
07 0030540
07 0044514
07 0071278
07 0099105
07 0103215
07 0120229
08 0025494
08 0026200
08 0080420
08 0122577
08 0153285
08 8018878
09 0059107
10 0030440
10 0035780
10 0043083
10 0058268
10 0062143
10 0103785
12 0068409
12 0077787
12 0116923
12 0132418
12 0135577
12 0166210
12 0185391
12 0201026
12 0270808
12 8001192
12 8003778
12 8021335
13 0019195
13 0043180
13 0051905
13 0052560
13 0074783
13 0081020
14 0020192
14 0029769
14 0036560
14 0058394
14 0062896
14 0066828
14 0085443
14 0087103
14 0099249
14 0101507
14 0151753
14 8009281
14 8017076
15 0055277
15 0078432
15 0088351
15 0090145
15 0092890
15 0098762
15 0102472
16 0067203
16 8000904
16 8004961
16 8005564
17 0025539
17 0035366
18 0034236
18 0037030
18 0073713
18 0078091
18 0080499
18 0092731
18 0093010
18 0107284
19 0036479
20 0002209
20 0065398
20 0074339
20 0111988
20 0115890
20 0125696
20 0174098
20 0185987
20 0236682
20 0256156
20 0287909
20 0303723
20 0316091
01 0504935
01 0562321
01 0636818
01 0720292
01 0725376
01 0756402
01 1207666
02 0554997
02 0561560
02 0591028
02 0609489
02 0663819
02 0687821
02 0745027
02 0757382
02 0785428
02 0800795
02 0809196
02 0854683
02 0859081
02 0882291
02 1218604
03 0537347
03 0571064
03 0612198
03 0714298
03 0771325
03 0813333
03 1209619
04 0557671
04 0607239
04 0626872
04 0646588
04 0654650
04 0681971
04 0717763
04 0794343
04 0896661
04 0925445
04 0932701
04 0938385
04 0954190
04 0974094
04 0999654
04 1051135
04 1100752
04 1221082
05 0508467
05 0517502
05 0535993
05 0550718
05 0575485
05 0589129
05 0635620
05 0673977
05 0688941
05 0694800
05 0713855
05 0759954
05 0774501
05 0793001
05 0814675
05 0824660
05 0837089
05 0839355
05 0856833
05 0871377
05 0881095
05 0893155
06 0535088
06 0554721
06 0559196
06 0564184
06 0576702
06 0587825
06 0589197
06 0592300
06 0621766
06 0632259
06 0675716
06 0707197
06 0714396
06 0739131
06 0750229
06 0757449
06 0786328
06 0787620
06 0810314
07 0563995
07 0595619
07 0632197
07 0654406
07 0667968
07 0678213
07 0706952
07 0714623
07 1211916
08 0571080
08 0572128
08 0595559
08 0641552
08 0646827
08 0655267
08 0658597
08 0659471
08 0756281
08 0802339
08 0842220
08 0891174
08 0901306
08 0907408
08 0926265
08 0949117
08 0951781
08 0953297
08 0955123
08 0957058
08 0958266
09 0505811
09 0542955
09 0551861
09 0646580
09 0675139
09 0708873
09 0768137
10 0556980
10 0633383
10 0642562
10 0650201
10 0662113
10 0690083
11 0583242
11 0612767
11 0625092
11 0625725
11 0634337
11 0642038
12 0581105
12 0642491
12 0644620
12 0661932
12 0673854
12 0721252
12 0783208
12 0789518
12 0803060
12 0805446
12 0823120
12 0846405
12 0856183
12 0910419
12 0961495
12 1002418
12 1051727
12 1204762
13 0592070
13 0599958
13 0659566
13 0663327
13 0698312
13 0714829
14 0564474
14 0597652
14 0643933
14 0719412
14 0728411
14 0735423
14 0740987
14 0766688
14 0771068
14 0774301
14 0862286
14 0895555
14 0900556
14 0932808
14 1201639
14 1219339
15 0512058
15 0567234
15 0616684
15 0672125
15 0707861
15 0715083
15 0722432
15 0798272
15 0814281
16 0633515
16 0645197
16 0668560
17 0522923
17 0542477
17 0582190
17 0621584
17 0633090
17 0641820
17 0708497
17 1214674
18 0532552
18 0565843
18 0597374
18 0604775
18 0622720
18 0716980
18 0756199
18 0796490
19 0619272
19 0659705
19 0667717
19 0671786
19 0677636
19 0691683
20 0547255
20 0552937
20 0563032
20 0649637
20 0653676
20 0660644
20 0684548
20 0689888
20 0711268
20 0838043
20 0848253
20 0855228
20 0875448
20 0887708
20 0932556
20 0941249
20 0997437
20 1009662
20 1071393
20 1091544
20 1165055
20 1193787
20 1220005
20 1248570
20 1299126
20 1306308
20 1334941
20 1353576
20 1387948
20 1431058
20 1447015
20 1455953
20 1485100
20 1541564
20 1541564
20 1549704
20 1614152
20 1633742
20 1639549
20 1725123
20 1749838
20 1809887
20 1818423
20 1874941
20 1884350
20 1905172
20 1910149
20 1956964
20 1975791
20 1976099
20 1991903
20 1995940
20 2012544
20 2015648
20 2037195
20 2047212
20 2047866
20 2085224
20 2101167
20 2102739
20 2123705
20 2135705
20 2163214
20 2166862
20 2176636
20 2202736
20 2216024
20 2245672
20 2251577
20 2282216
20 2297074
20 2329663
20 2334261
20 2343834
20 2351040
20 2358939
20 2361179
20 2390124
20 2398758
20 2432152
20 2509074
20 2558697
20 2576955
20 2581266
20 2590272
20 2619360
20 2629237
20 2646723
20 2690079
20 2695469
20 2700589
20 2713468
20 2719676
20 2725395
20 2757390
20 2766960
20 2786253
20 2803334
20 2821808
20 2828037
20 2842517
20 2844489
20 2863261
20 2884233
20 2887278
20 2893710
20 2917297
20 2918622
20 2935338
20 2961992
20 2989091
20 2994576
20 2997117
20 3019728
20 3027109
20 3027830
20 3030646
20 3057247
20 3063462
20 3067025
20 3105368
20 3108746
20 3121285
20 3122004
20 3124857
20 3131117
20 3131781
20 3162816
20 3176398
20 3199707
20 3200309
20 3209144
20 3215748
20 3218451
20 3226622
20 3231645
20 3235615
20 3280332
20 3288277
20 3293195
20 3303291
20 3329021
20 3346588
20 3370373
20 3383402
20 3383637
20 3391026
20 3435351
20 3442360
20 3442841
20 3490140
20 3492501
20 3506368
20 3508721
20 3528865
20 3533426
20 3545293
20 3600277
20 3603379
20 3616659
20 3706249
20 3734065
20 3749615
20 3816344
20 3834833
30 0029182
30 0049562
30 0070192
30 0071611
30 0096858
30 0110577
30 0120581
30 0145038
30 0147379
30 0164461
30 0342309
30 0475378
30 0504120
30 0695366
20 0327770
20 0351753
20 0368752
20 0370244
20 0427880
20 0430418
20 0447382
21 0004087
21 0020931
21 0027480
21 0037125
21 0037311
21 0038969
21 0041229
21 0043582
21 0057942
21 0065230
21 0079887
21 0103259
21 0137902
21 0165120
21 0173039
21 0174276
21 0182616
21 0186007
21 0247070
21 0263375
21 0278584
21 0283728
21 0294353
21 0315732
21 0319913
21 0325365
21 0325925
21 0327129
21 0346144
21 0358415
21 0375159
21 0383740
21 0398494
21 0399434
21 0473540
21 0492761
22 0014768
22 0016239
22 0033792
22 0040901
22 0045971
22 0054107
22 0055924
22 0057775
22 0063885
22 0078637
22 0080397
22 0082937
22 0084522
22 0087684
22 0123824
22 0142165
22 0142719
22 0171202
22 0193332
22 0205674
22 0227240
22 0254291
22 0261866
22 0267524
22 0272848
22 0282628
22 0305823
22 0308749
22 0326892
22 0328100
22 0343112
22 0351644
22 0375017
22 0376137
22 0403999
22 0406468
22 0416841
22 0417421
22 0440018
22 0448010
22 8021952
22 8034233
22 8045049
22 8066198
22 8115416
22 8139420
22 8162239

60 1134551
60 1844780
60 2411920
65 0651943
65 0777336

40 0139980
60 1261452
60 1957092
65 0110874
65 0795203